0 2048 2048
20258 2048 2048
20147 2048 2048
20248 2048 2048
20150 2048 2048
20232 2048 2048
20231 2048 2048
20231 2048 2048
20232 2048 2048
20232 2048 2048
20231 2048 2048
20232 2048 2048
20231 2048 2048
20231 2048 2048
20231 2048 2048
20231 2048 2048
20232 2048 2048
20253 2048 2048
20232 2048 2048
20231 2048 2048
20232 2048 2048
20251 2048 2048
20230 2048 2048
20228 2048 2048
20231 2048 2048
20230 2048 2048
20229 2048 2048
20230 2048 2048
20229 2048 2048
20253 2048 2048
20229 2048 2048
20229 2048 2048
20230 2048 2048
20229 2048 2048
20229 2048 2048
20229 2048 2048
20232 2048 2048
20231 2048 2048
20232 2048 2048
20231 2048 2048
20231 2048 2048
20231 2048 2048
20232 2048 2048
20231 2048 2048
20231 2048 2048
20146 2048 2048
20232 2048 2048
20231 2048 2048
20231 2048 2048
20231 2048 2048
20229 2048 2048
20232 2048 2048
20232 2048 2048
20231 2048 2048
20232 2048 2048
20232 2048 2048
20233 2048 2048
20232 2048 2048
20232 2048 2048
20231 2048 2048
20231 2048 2048
20231 2048 2048
20232 2048 2048
20231 2048 2048
20231 2048 2048
20231 2048 2048
20232 2048 2048
20232 2048 2048
20251 2048 2048
20232 2048 2048
20148 2048 2048
20230 2048 2048
20229 2048 2048
20159 2048 2048
20230 2048 2048
20230 2048 2048
20332 2048 2048
20168 2048 2048
20230 2048 2048
20229 2048 2048
20229 2048 2048
20229 2048 2048
20229 2048 2048
20230 2048 2048
20230 2048 2048
20149 2048 2048
20256 2048 2048
20245 2280 2249
20231 2521 2502
20230 2862 2825
20230 3117 3035
20159 3317 3178
20231 3369 3299
20231 3424 3339
20231 3403 3291
20231 3425 3326
20230 3359 3261
20230 3435 3350
20230 3380 3296
20230 3380 3296
20230 3435 3350
20231 3430 3445
20230 3435 3364
20231 3390 3361
20230 3345 3402
20231 3424 3353
20231 3364 3379
20301 3434 3391
20231 3369 3285
20231 3446 3388
20230 3446 3374
20231 3369 3312
20231 3408 3423
20231 3379 3337
20231 3423 3394
20161 3445 3402
20231 3391 3320
20230 3390 3361
20230 3390 3361
20230 3358 3301
20231 3435 3350
20230 3435 3350
20230 3390 3361
20231 3434 3391
20230 3391 3307
20271 3379 3337
20232 3390 3361
20231 3380 3296
20230 3457 3385
20231 3390 3361
20231 3435 3350
20231 3423 3380
20231 3435 3377
20231 3435 3350
20231 3445 3415
20233 3390 3361
20232 3379 3337
20232 3379 3337
20233 3347 3277
20232 3446 3388
20232 3445 3415
20233 3391 3334
20232 3380 3309
20265 3368 3326
20231 3370 3272
20230 3335 3306
20229 3336 3266
20231 3204 3122
20230 2994 2956
20145 2864 2785
20231 2566 2518
20259 2356 2325
20230 2048 2048
20230 2048 2048
20179 2048 2048
20232 2048 2048
20272 2048 2048
20227 1935 2090
20230 1670 2444
20230 1470 2575
20230 1255 2778
20230 967 3239
20230 837 3441
20230 712 3468
20230 739 3469
20406 743 3493
20233 698 3468
20233 693 3502
20232 776 3530
20230 856 3478
20231 848 3514
20231 931 3501
20258 772 3506
20151 881 3481
20231 850 3526
20210 907 3497
20231 821 3499
20231 881 3481
20230 893 3483
20231 861 3515
20231 830 3476
20260 817 3474
20231 830 3476
20231 798 3508
20231 821 3499
20230 836 3512
20231 895 3495
20231 884 3506
20230 812 3522
20230 812 3522
20231 823 3511
20230 843 3477
20162 918 3486
20231 930 3488
20230 889 3544
20230 931 3501
20230 930 3488
20230 868 3480
20230 857 3490
20276 943 3502
20231 850 3526
20230 881 3481
20230 836 3512
20230 848 3514
20231 850 3526
20230 834 3500
20231 912 3535
20261 856 3478
20230 885 3519
20230 837 3525
20230 943 3502
20230 900 3447
20257 933 3513
20230 850 3526
20230 955 3492
20231 873 3517
20230 910 3522
20230 850 3526
20226 883 3493
20230 895 3495
20230 845 3587
20230 837 3525
20230 924 3537
20230 1001 3487
20268 922 3524
20232 933 3513
20230 976 3470
20230 996 3336
20230 1102 3131
20231 1603 2427
20230 2048 2048
20230 2048 2048
20230 2048 2048
20228 2048 2048
20163 2048 2048
20231 2048 2048
20232 2048 2048
20230 2048 2048
20229 2048 2048
20232 2243 2170
20231 2501 2440
20232 2698 2649
20233 2866 2759
20232 3073 2978
20232 3248 3179
20231 3347 3290
20231 3359 3261
20230 3370 3258
20231 3424 3353
20230 3369 3299
20262 3424 3367
20232 3424 3353
20230 3370 3272
20231 3436 3337
20230 3380 3296
20231 3435 3377
20231 3425 3312
20230 3445 3402
20231 3401 3358
20231 3423 3394
20230 3369 3299
20239 3370 3272
20230 3436 3337
20236 3436 3337
20152 3390 3361
20233 3390 3347
20232 3358 3274
20232 3447 3348
20230 3392 3293
20230 3434 3391
20230 3369 3312
20230 3380 3296
20230 3390 3347
20230 3402 3345
20158 3456 3412
20231 3436 3337
20175 3391 3334
20231 3380 3323
20230 3380 3323
20231 3447 3348
20230 3391 3334
20230 3446 3374
20230 3391 3307
20231 3447 3348
20231 3446 3388
20259 3446 3361
20232 3392 3293
20230 3381 3283
20231 3402 3318
20232 3446 3361
20231 3413 3355
20231 3402 3345
20231 3447 3348
20231 3425 3326
20231 3436 3337
20230 3425 3326
20231 3435 3377
20231 3434 3391
20264 3447 3348
20231 3414 3315
20231 3379 3337
20231 3446 3388
20258 3446 3361
20234 3380 3309
20232 3434 3391
20233 3424 3339
20232 3358 3288
20232 3182 3100
20233 2844 2738
20232 2567 2505
20231 2048 2048
20232 2048 2048
20232 2048 2048
20232 2048 2048
20231 2048 2048
20232 2048 2048
20231 2048 2048
20231 2048 2048
20137 2048 2048
20230 2048 2048
20230 2350 1735
20231 2568 1603
20231 2793 1578
20230 2980 1477
20258 3053 1447
20230 3154 1375
20233 3254 1189
20232 3292 1238
20259 3334 1139
20234 3358 1129
20232 3412 1133
20232 3364 1095
20232 3454 1091
20232 3434 899
20232 3441 1090
20232 3452 1079
20232 3494 1036
20233 3483 977
20233 3500 1003
20233 3518 1027
20232 3505 955
20232 3520 969
20231 3530 959
20230 3551 995
20231 3537 994
20231 3485 989
20231 3542 1018
20229 3453 1021
20231 3485 989
20230 3485 989
20230 3508 1038
20230 3532 1028
20230 3474 1000
20230 3477 1012
20231 3530 959
20231 3496 978
20231 3498 990
20231 3497 1048
20231 3513 1061
20259 3540 1005
20309 3542 1018
20233 3542 1018
20263 3500 1060
20233 3485 989
20232 3518 1027
20232 3508 1038
20232 3535 982
20259 3500 1003
20230 3522 981
20231 3511 991
20231 3510 1049
20230 3487 1001
20230 3545 1029
20231 3564 1053
20231 3530 959
20230 3479 1024
20231 3477 1012
20231 3542 1018
20231 3545 1029
20262 3524 1050
20231 3524 1050
20231 3524 1050
20231 3511 991
20231 3530 959
20230 3500 1060
20230 3487 1001
20231 3505 1083
20230 3487 1001
20231 3500 1060
20230 3542 1018
20230 3490 1013
20227 3500 1003
20231 3412 1076
20231 3203 1255
20231 2757 1457
20230 2048 2048
20231 2048 2048
20254 2048 2048
20230 2048 2048
20229 2048 2048
20230 2048 2048
20277 2048 2048
20229 2048 2048
20230 2048 2048
20230 2048 2048
20229 2048 2048
20230 2048 2048
20229 2048 2048
20230 2048 2048
20230 2048 2048
20232 2048 2048
20232 2048 2048
20231 2048 2048
20232 2048 2048
20262 2048 2048
20231 2048 2048
20232 2048 2048
20232 2048 2048
20232 2048 2048
20231 2048 2048
20232 2048 2048
20232 2048 2048
20232 2048 2048
20231 2048 2048
20231 2048 2048
20231 2048 2048
20256 2048 2048
20230 2048 2048
20230 2048 2048
20229 2048 2048
20231 2048 2048
20147 2048 2048
20232 2048 2048
20231 2048 2048
20231 2048 2048
20232 2048 2048
20231 2048 2048
20232 2048 2048
20232 2048 2048
20232 2048 2048
20260 2048 2048
20229 2048 2048
20229 2048 2048
20229 2048 2048
20229 2048 2048
20229 2048 2048
20230 2048 2048
20230 2048 2048
20229 2048 2048
20229 2048 2048
20229 2048 2048
20229 2048 2048
20265 2048 2048
20232 2048 2048
20232 2048 2048
20231 2048 2048
20231 2048 2048
20231 2048 2048
20231 2048 2048
20231 2048 2048
20231 2048 2048
20231 2048 2048
20232 2048 2048
20231 2048 2048
20231 2048 2048
20231 2048 2048
20229 2048 2048
20229 2048 2048
20229 2048 2048
20229 2048 2048
20230 2048 2048
20230 2048 2048
20230 2048 2048
20229 2048 2048
20230 2048 2048
20230 2048 2048
20229 2048 2048
20230 2048 2048
20229 2048 2048
20229 2048 2048
20230 2048 2048
20230 2048 2048
20231 2048 2048
20231 2048 2048
20230 2048 2048
20231 2048 2048
20230 2048 2048
20232 2048 2048
20229 2048 2048
20229 2048 2048
20229 2048 2048
20229 2048 2048
20230 2048 2048
20228 2048 2048
20230 2048 2048
20230 2048 2048
20229 2048 2048
20230 2048 2048
20229 2048 2048
20229 2048 2048
20154 2048 2048
20229 2048 2048
20230 2048 2048
20229 2048 2048
20230 2048 2048
20230 2048 2048
20229 2048 2048
20230 2048 2048
20230 2048 2048
20230 2048 2048
20230 2048 2048
20285 2048 2048
20150 2048 2048
20154 2048 2048
20271 2048 2048
20230 2048 2048
20229 2048 2048
20230 2048 2048
20237 2048 2048
20230 2048 2048
20230 2048 2048
20230 2048 2048
20230 2048 2048
20230 2048 2048
20230 2048 2048
20230 2048 2048
